	ZIPCODE	FULLVAL	LAT	LON
0	10001	5900805.316472114	40.750633	-73.99717700000001
1	10002	1701033.7140157481	40.715775	-73.986212
2	10003	2595515.1624775585	40.731829	-73.989181
3	10004	7147863.341494845	40.688629999999996	-74.018244
4	10005	2453043.5609339406	40.706027	-74.00883499999999
5	10006	2816711.6449375865	40.709614	-74.01295400000001
6	10007	2703064.3239700375	40.713848	-74.007755
7	10009	2008582.3730378577	40.726399	-73.97863100000001
8	10010	2729743.649147233	40.739065000000004	-73.98225500000001
9	10011	1867095.6735900764	40.742039	-74.00062
10	10012	2538755.4857250187	40.725581	-73.998078
11	10013	1609889.4437908498	40.720103	-74.004903
12	10014	2371958.4605053496	40.734012	-74.00674599999999
13	10016	1575597.3586840418	40.745224	-73.978297
14	10017	5319032.010088272	40.752359999999996	-73.972493
15	10018	8523820.02705314	40.755319	-73.993114
16	10019	2752609.230037413	40.765823	-73.987169
17	10020	26945374.975	40.758236	-73.978833
18	10021	2565418.6656891494	40.769258	-73.958751
19	10022	4619499.901348353	40.758628	-73.96794799999999
20	10023	1389400.602752679	40.775921000000004	-73.982607
21	10024	2077436.1333743085	40.798452000000005	-73.974428
22	10025	1057102.4498207886	40.798601	-73.966622
23	10026	608224.8234726688	40.802381	-73.95268100000001
24	10027	1717860.3403790088	40.811407	-73.95306
25	10028	4151059.1344778254	40.776441	-73.953509
26	10029	1897972.516923077	40.791763	-73.94397
27	10030	806106.8050647822	40.818267	-73.942856
28	10031	1095292.736091954	40.825288	-73.95004499999999
29	10032	2005034.219772404	40.838815000000004	-73.942836
30	10033	1482831.611111111	40.850545000000004	-73.933983
31	10034	2134956.403076923	40.867076000000004	-73.924312
32	10035	1356385.3887254903	40.795455	-73.92965500000001
33	10036	5150068.277348949	40.75926	-73.98986
34	10037	1750451.0912547528	40.812957	-73.937376
35	10038	2225399.7205177373	40.709278000000005	-74.002562
36	10039	1318129.9144295303	40.830867	-73.93621800000001
37	10040	1955257.2527472528	40.858305	-73.930549
38	10044	1849605.4710884353	40.761915	-73.949962
39	10048	189000000.0		
40	10065	2567758.7993636904	40.764612	-73.963122
41	10069	514051.26227333036	40.775906	-73.990358
42	10075	1815922.6855307433	40.773361	-73.956216
43	10128	1508939.012731668	40.781432	-73.950013
44	10162	54800000.0	40.7693	-73.949915
45	10280	514331.38665912946	40.708538	-74.01665
46	10281	262333333.33333334		
47	10282	94588178.04545455	40.716921	-74.015066
48	10301	535073.0481042042	40.627456	-74.09440699999999
49	10302	382264.4209666122	40.630688	-74.137776
50	10303	389254.47312760056	40.629884999999994	-74.17413
51	10304	504607.6390317052	40.609227000000004	-74.092575
52	10305	458642.4211764706	40.596691	-74.074866
53	10306	486163.9851610568	40.571768	-74.12595
54	10307	568355.0517848165	40.509183	-74.237785
55	10308	442658.80333450745	40.551884	-74.147646
56	10309	570296.5163551401	40.531346	-74.21985699999999
57	10310	421146.1006153334	40.632647999999996	-74.116148
58	10312	491620.51315716887	40.545237	-74.18044300000001
59	10314	483258.8302040153	40.599263	-74.165748
60	10451	2651730.903183024	40.820479	-73.925084
61	10452	967533.3790589795	40.837393	-73.92343699999999
62	10453	828037.1285296981	40.852779	-73.91233199999999
63	10454	903566.6648841355	40.805489	-73.916585
64	10455	780666.8997304583	40.81471	-73.90859300000001
65	10456	705923.6805424156	40.829881	-73.90812
66	10457	800006.6924851681	40.84715	-73.89868
67	10458	1004174.7107142857	40.862543	-73.888143
68	10459	603499.0654824103	40.825866999999995	-73.892942
69	10460	733236.4599353216	40.841758	-73.879571
70	10461	662084.5341823057	40.847381	-73.84058399999999
71	10462	197014.8167406093	40.84328	-73.860389
72	10463	984913.002655161	40.880678	-73.90654
73	10464	473320.46812620736	40.867787	-73.79992
74	10465	545041.322588291	40.822615	-73.822239
75	10466	460262.3083443417	40.890964000000004	-73.846239
76	10467	775512.2580049261	40.869953	-73.865746
77	10468	1459591.2088377725	40.868093	-73.89973
78	10469	477640.09718948323	40.868607	-73.84813299999999
79	10470	512089.757483731	40.88953	-73.872662
80	10471	1180929.567774936	40.898868	-73.903328
81	10472	575514.5467980296	40.829556	-73.869336
82	10473	490067.5409372237	40.818690000000004	-73.858474
83	10474	1058869.3628318585	40.810549	-73.884367
84	10475	2202923.30713246	40.875169	-73.823817
85	10803	959702.6086956522	40.900458	-73.807138
86	11001	492039.77347611205	40.723317	-73.704949
87	11004	726981.6089767973	40.746204	-73.711478
88	11005	326000000.0	40.756596	-73.714178
89	11040	627056.7777777778	40.745346999999995	-73.68029200000001
90	11101	931290.563361662	40.747155	-73.93975
91	11102	596437.3799851375	40.772884000000005	-73.926295
92	11103	751662.94137095	40.762574	-73.91344699999999
93	11104	650154.2914875322	40.744634000000005	-73.920201
94	11105	704122.1688403243	40.778877	-73.906769
95	11106	817790.1698606272	40.762211	-73.931528
96	11109	1282927.8092783506	40.745115000000006	-73.956928
97	11201	1498230.5428607499	40.693682	-73.989693
98	11203	550499.1084423094	40.649591	-73.934371
99	11204	680898.4287134978	40.618778999999996	-73.984826
100	11205	657843.4593605547	40.694696	-73.966286
101	11206	550474.546764796	40.701954	-73.942358
102	11207	491371.90311559424	40.670747	-73.894209
103	11208	518662.3386300386	40.669769	-73.871372
104	11209	834257.5663900415	40.621982	-74.030324
105	11210	684401.4533913248	40.628147	-73.946324
106	11211	512650.674822974	40.712596999999995	-73.953098
107	11212	567817.9351268255	40.662936	-73.91302900000001
108	11213	634429.4250135354	40.671078	-73.936336
109	11214	671694.8590850633	40.599148	-73.99609
110	11215	1069705.089403414	40.662688	-73.98674
111	11216	593812.5733028223	40.680768	-73.94931600000001
112	11217	1083095.531926215	40.682306	-73.978099
113	11218	695152.5456257061	40.643468	-73.976046
114	11219	717147.4439805825	40.632667	-73.996669
115	11220	706683.8493702251	40.641221	-74.016862
116	11221	559842.0043219881	40.691340000000004	-73.927879
117	11222	666647.5428939321	40.72779	-73.94760500000001
118	11223	732965.9583837631	40.597139	-73.973428
119	11224	526512.0825625987	40.577372	-73.98870600000001
120	11225	746760.2041696621	40.663046	-73.954219
121	11226	702266.2755701451	40.646448	-73.956649
122	11227	350978.0		
123	11228	686742.4056822339	40.616695	-74.013047
124	11229	570208.2439615414	40.601293	-73.94449300000001
125	11230	835904.7124767659	40.622164	-73.96510500000001
126	11231	879816.5998428909	40.677915999999996	-74.005154
127	11232	877196.4010775217	40.656546	-74.007355
128	11233	543099.0122980467	40.678308	-73.91993599999999
129	11234	552168.99640018	40.60508	-73.911721
130	11235	651075.543493635	40.583949	-73.949096
131	11236	496725.67330016586	40.639413	-73.900664
132	11237	558129.792030684	40.704159999999995	-73.921139
133	11238	733611.0449489562	40.679171000000004	-73.96380400000001
134	11239	3197492.035897436	40.647735	-73.87947700000001
135	11241	34600000.0		
136	11242	18510000.0		
137	11243	231363.12432432434		
138	11352	1630000.0		
139	11354	652588.1707550556	40.768208	-73.827403
140	11355	559376.1795653831	40.751452	-73.821031
141	11356	610465.1818360141	40.78485	-73.841279
142	11357	721857.1905390315	40.786393	-73.810864
143	11358	623351.3052643444	40.760471	-73.796371
144	11359	279670117.0	40.791781	-73.776875
145	11360	664220.8458927359	40.780378999999996	-73.78123000000001
146	11361	683281.5526518063	40.764191	-73.772775
147	11362	884089.6755966878	40.756574	-73.737845
148	11363	916145.7559437166	40.772616	-73.746526
149	11364	711277.0790223422	40.745289	-73.760586
150	11365	644816.2970061556	40.739634	-73.79449
151	11366	718975.5146121148	40.728152	-73.78501899999999
152	11367	658603.9522986519	40.730145	-73.82703000000001
153	11368	788368.3238662392	40.751718	-73.851822
154	11369	620254.5144128458	40.763365	-73.872374
155	11370	722683.251899474	40.765392999999996	-73.893243
156	11371	629000.0	40.773894	-73.873475
157	11372	796964.2609170306	40.75169	-73.883638
158	11373	700671.5476020043	40.738837	-73.878535
159	11374	662785.9162650602	40.726418	-73.861526
160	11375	911146.2217678893	40.720934	-73.846151
161	11377	678077.5917002882	40.744819	-73.905156
162	11378	610754.0509081923	40.724744	-73.909639
163	11379	563455.0222371215	40.716747999999995	-73.879601
164	11385	559481.6484820052	40.700671	-73.889433
165	11411	372720.0342661336	40.694021	-73.736216
166	11412	369811.85361017147	40.698095	-73.758986
167	11413	439737.11804987735	40.671659000000005	-73.75256800000001
168	11414	637261.8259127338	40.657604	-73.84480400000001
169	11415	878230.4806349206	40.707917	-73.828212
170	11416	487998.6284506342	40.684653999999995	-73.849548
171	11417	450527.7682886461	40.676446	-73.844443
172	11418	531812.0122788011	40.700272	-73.835971
173	11419	446407.5193121693	40.688673	-73.822918
174	11420	449682.6318284668	40.673583	-73.81773000000001
175	11421	494155.14791963296	40.694062	-73.858626
176	11422	495513.13994646043	40.660059999999994	-73.736012
177	11423	524463.0567829458	40.715606	-73.76847099999999
178	11426	568843.4162516976	40.736425	-73.722376
179	11427	577189.6754982416	40.730903999999995	-73.745661
180	11428	416454.18387020926	40.721016	-73.742245
181	11429	384745.855205214	40.709765999999995	-73.738653
182	11430	4452500.0	40.646964000000004	-73.784813
183	11432	846606.3348390739	40.715359	-73.793071
184	11433	457632.7688102894	40.698161999999996	-73.786893
185	11434	481252.19790575915	40.676808	-73.776425
186	11435	553731.9833897759	40.701265	-73.809605
187	11436	384746.56890215894	40.675807	-73.796622
188	11691	525884.7507876969	40.601278	-73.761651
189	11692	743617.6534036433	40.594095	-73.792896
190	11693	386298.6650112867	40.590692	-73.809749
191	11694	665651.5277119848	40.57827	-73.844762
192	11695	10524500.0		
193	11696	251450.0		
194	11697	58324300.0	40.555688	-73.920663
195	33803	209966.66666666666	28.009358000000002	-81.932662
